0.4050077280834863
0.4050077280834863
0.4004889245423353
0.4004889245423353
0.4004889245423353
0.397995608805509
0.397995608805509
0.39794025854061843
0.39793491802254977
0.39793491802254977
0.39793491802254977
0.39793491802254977
0.39793491802254977
0.39793491802254977
0.39793491802254977
0.39793491802254977
0.39793491802254977
0.39793491802254977
0.39793491802254977
0.39793491802254977
0.39793491802254977
0.39793491802254977
0.39793491802254977
0.39793491802254977
0.39793491802254977
0.3978876309188806
0.3978876309188806
0.3978876309188806
0.3978876309188806
0.3978876309188806
0.3978876309188806
0.3978876309188806
0.3978876309188806
0.3978876309188806
0.3978876309188806
0.3978876309188806
0.3978876309188806
0.3978876309188806
0.3978876309188806
0.3978876309188806
0.3978876309188806
0.3978876309188806
0.39788735778758877
0.39788735778758877
0.39788735778758877
