0.4461504904083231
0.41631989775600076
0.41631989775600076
0.40670575350801386
0.39807967435899805
0.39807967435899805
0.3979313814536969
0.3979313814536969
0.3979313814536969
0.3979313814536969
0.3979313814536969
0.3978880056013061
0.3978880056013061
0.3978880056013061
0.3978880056013061
0.3978880056013061
0.3978880056013061
0.3978880056013061
0.3978880056013061
0.3978880056013061
0.3978880056013061
0.3978880056013061
0.3978880056013061
0.3978880056013061
0.3978880056013061
0.3978880056013061
0.3978880056013061
0.3978880056013061
0.3978873624842283
0.3978873624842283
0.3978873624842283
0.3978873624842283
0.3978873624842283
0.3978873624842283
0.3978873624842283
0.3978873624842283
0.3978873624842283
0.3978873624842283
0.3978873624842283
0.3978873624842283
0.3978873624842283
0.3978873624842283
0.39788735822461163
0.39788735822461163
0.39788735822461163
