0.4049948666194183
0.4049948666194183
0.4049948666194183
0.4017923926932454
0.398631829223989
0.3979676841941977
0.39792056800136244
0.39792056800136244
0.39792056800136244
0.39792056800136244
0.39792056800136244
0.39792056800136244
0.39792056800136244
0.39792056800136244
0.39792056800136244
0.39792056800136244
0.39792056800136244
0.39792056800136244
0.39792056800136244
0.39792056800136244
0.39792056800136244
0.39792056800136244
0.39792056800136244
0.39792056800136244
0.39792056800136244
0.39792056800136244
0.39792056800136244
0.39792056800136244
0.39792056800136244
0.39792056800136244
0.39792056800136244
0.39792056800136244
0.39792056800136244
0.39792056800136244
0.39792056800136244
0.39792056800136244
0.39792056800136244
0.39792056800136244
0.39792056800136244
0.39792056800136244
0.39792056800136244
0.39792056800136244
0.39792056800136244
0.39792056800136244
0.39792056800136244
