0.41798500067374
0.3979246466869153
0.3979246466869153
0.3979246466869153
0.3979246466869153
0.3979246466869153
0.3979246466869153
0.3979136907215306
0.3979136907215306
0.3979136907215306
0.3979136907215306
0.3979136907215306
0.3979136907215306
0.3979136907215306
0.3979136907215306
0.3979136907215306
0.3979136907215306
0.3979136907215306
0.3979136907215306
0.3979136907215306
0.3979136907215306
0.3979136907215306
0.3979136907215306
0.3979136907215306
0.3979136907215306
0.3979136907215306
0.3979136907215306
0.3979136907215306
0.3979136907215306
0.3979136907215306
0.3979136907215306
0.3979136907215306
0.3978874119014346
0.3978874119014346
0.3978874119014346
0.3978874119014346
0.3978874119014346
0.39788736002358327
0.39788736002358327
0.39788736002358327
0.39788736002358327
0.39788736002358327
0.39788736002358327
0.39788736002358327
0.39788736002358327
