1.3197453551310954
0.416579879135055
0.416579879135055
0.4013820018736354
0.3979123385260106
0.3979123385260106
0.3979123385260106
0.3979123385260106
0.3979123385260106
0.3979123385260106
0.3979123385260106
0.3979123385260106
0.3978886669522481
0.3978886669522481
0.3978886669522481
0.3978886669522481
0.3978886669522481
0.3978886669522481
0.3978886669522481
0.3978886669522481
0.3978886669522481
0.3978886669522481
0.3978886669522481
0.3978886669522481
0.3978886669522481
0.3978886669522481
0.3978886669522481
0.3978886669522481
0.3978886669522481
0.3978886669522481
0.3978886669522481
0.3978886669522481
0.3978886669522481
0.3978886669522481
0.3978886669522481
0.3978886669522481
0.3978886669522481
0.3978886669522481
0.3978886669522481
0.3978886669522481
0.3978886669522481
0.3978886669522481
0.3978886669522481
0.3978886669522481
0.3978886669522481
