0.5457983635653658
0.4149635819915751
0.4149635819915751
0.4020266082993498
0.3987085041745626
0.39790311779294285
0.39790311779294285
0.39790311779294285
0.39790311779294285
0.39790311779294285
0.39790311779294285
0.39790311779294285
0.39790311779294285
0.39790311779294285
0.39790311779294285
0.39790311779294285
0.39790311779294285
0.39790311779294285
0.39790311779294285
0.39790311779294285
0.39790311779294285
0.39790311779294285
0.3978880707540142
0.3978880707540142
0.3978880707540142
0.3978880707540142
0.3978880707540142
0.3978880707540142
0.3978880707540142
0.3978880707540142
0.3978880707540142
0.3978880707540142
0.3978880707540142
0.3978880707540142
0.3978880707540142
0.3978880707540142
0.3978880707540142
0.3978880707540142
0.3978880707540142
0.3978880707540142
0.3978880707540142
0.3978874820332834
0.3978874820332834
0.3978874820332834
0.3978874820332834
