0.4172478764141321
0.39799597710706713
0.39799597710706713
0.39799597710706713
0.39799597710706713
0.39799597710706713
0.39799597710706713
0.39799597710706713
0.39792843701427927
0.39792843701427927
0.39792843701427927
0.3978924552830243
0.3978924552830243
0.3978924552830243
0.3978924552830243
0.3978924552830243
0.3978924552830243
0.3978924552830243
0.3978924552830243
0.3978924552830243
0.3978924552830243
0.3978924552830243
0.3978924552830243
0.3978924552830243
0.3978924552830243
0.3978924552830243
0.3978924552830243
0.3978924552830243
0.3978924552830243
0.3978924552830243
0.3978924552830243
0.3978924552830243
0.3978924552830243
0.3978924552830243
0.3978924552830243
0.3978924552830243
0.3978924552830243
0.3978924552830243
0.3978924552830243
0.3978924552830243
0.3978924552830243
0.3978924552830243
0.3978924552830243
0.3978924552830243
0.3978924552830243
