0.39920092342786617
0.39920092342786617
0.39920092342786617
0.39920092342786617
0.39920092342786617
0.3981551053025978
0.3981036120008348
0.3981036120008348
0.3981036120008348
0.3981036120008348
0.3978911997883863
0.3978911997883863
0.3978911997883863
0.3978911997883863
0.3978911997883863
0.3978911997883863
0.3978911997883863
0.3978911997883863
0.3978911997883863
0.3978911997883863
0.3978911997883863
0.3978911997883863
0.3978911997883863
0.39789064918905126
0.39789064918905126
0.39789064918905126
0.39789064918905126
0.39789064918905126
0.39789064918905126
0.39789064918905126
0.39789064918905126
0.39789064918905126
0.39789064918905126
0.39789064918905126
0.39789064918905126
0.39789064918905126
0.39789064918905126
0.39789064918905126
0.39789064918905126
0.3978873578078499
0.3978873578078499
0.3978873578078499
0.3978873578078499
0.3978873578078499
0.3978873578078499
