0.627096270732407
0.4815611115025238
0.42601489463780773
0.39898959089159725
0.39898959089159725
0.398050593968053
0.397898684251043
0.397898684251043
0.397898684251043
0.397898684251043
0.397898684251043
0.397898684251043
0.397898684251043
0.397898684251043
0.397898684251043
0.397898684251043
0.397898684251043
0.397898684251043
0.397898684251043
0.397898684251043
0.397898684251043
0.397898684251043
0.397898684251043
0.397898684251043
0.39788736507330036
0.39788736507330036
0.39788736507330036
0.39788736507330036
0.39788736507330036
0.39788736507330036
0.39788736507330036
0.39788736507330036
0.39788736507330036
0.39788736507330036
0.39788736507330036
0.39788736507330036
0.39788736507330036
0.39788736507330036
0.39788736507330036
0.39788736507330036
0.39788736507330036
0.39788736507330036
0.39788736507330036
0.39788736507330036
0.39788736507330036
