0.464352897409924
0.39963562760269866
0.39963562760269866
0.39963562760269866
0.39963562760269866
0.3984400827557888
0.3984400827557888
0.3980008250433027
0.3979490816228335
0.3979490816228335
0.3979490816228335
0.3979490816228335
0.3979490816228335
0.3979490816228335
0.3979490816228335
0.3979490816228335
0.3979490816228335
0.3979490816228335
0.3979490816228335
0.3979490816228335
0.3979490816228335
0.3979490816228335
0.3979490816228335
0.3979490816228335
0.3979490816228335
0.3979490816228335
0.3979490816228335
0.3979490816228335
0.3979490816228335
0.3979490816228335
0.3979490816228335
0.3979490816228335
0.3979490816228335
0.3979490816228335
0.39788738138931734
0.39788738138931734
0.39788738138931734
0.39788735792193464
0.39788735792193464
0.39788735792193464
0.39788735792193464
0.39788735792193464
0.39788735792193464
0.39788735792193464
0.39788735792193464
