0.4355375316777703
0.4185679204080355
0.4185679204080355
0.4022454696992437
0.4001739622972682
0.3982779519804982
0.3982779519804982
0.3982779519804982
0.3978992993495627
0.3978992993495627
0.3978992993495627
0.3978992993495627
0.3978992993495627
0.3978992993495627
0.3978992993495627
0.3978992993495627
0.3978992993495627
0.3978992993495627
0.3978992993495627
0.3978992993495627
0.3978992993495627
0.3978992993495627
0.3978992993495627
0.3978992993495627
0.3978992993495627
0.3978992993495627
0.3978992993495627
0.3978992993495627
0.3978992993495627
0.3978992993495627
0.3978992993495627
0.3978992993495627
0.3978992993495627
0.3978992993495627
0.3978992993495627
0.3978873589672052
0.3978873589672052
0.3978873589672052
0.3978873589672052
0.3978873589672052
0.3978873589672052
0.3978873589672052
0.3978873589672052
0.3978873589672052
0.3978873589672052
